Anna Danh
Course: CMPS 2143 - OOP
Program: P04
github repo: https://githb.com/annadanh/2143-oop-danh 

00000000000000000000000000000000000000000000000000
00000000000000000000000000000000000000000000000000
00000000000000000000000000000000000000000000000000
00000000000000000000000000000000000000000000000000
00000000000000000000000000000000000000000000000000
00000000000000000000000000000000000000000000000000
00000000000000000000000000000000000000000000000000
00000000000000000000000000000000000000000000000000
00000000000000000000000000000000000000000000000000
00000000000000000000000000000000000000000000000000
00000000000000000000000000000000000000000000000000
00000000000000000000000000000111000000000000000000
00000000000000000000000000000000000000000000000000
00000000000000000000000000001000100000000000000000
00000000000000000000000000001000100000000000000000
00000000000000000000000000000000000000000000000000
00000000000011100000000000000111000000000000000000
00000000000000000000000000000000000000000000000000
00000000000100010000000000000000000000000000000000
00000000000100010000000000000111000000000000000000
00000000000000000000000000000000000000000000000000
00000000000011100000000000001000100000000000000000
00000000000000000000000000001000100000000000000000
00000000000000000000000000000000000000000000000000
00000000000011100000000000000111000000000000000000
00000000000000000000000000000000000000000000000000
00000000000100010000000000000000000000000000000000
00000000000100010000000000000000000000000000000000
00000000000000000000000000000000000000000000000000
00000000000011100000000000000000000000000000000000
00000000000000000000000000000000000000000000000000
00000000000000000000000000000000000000000000000000
00000000000000000000000000000000000000000000000000
00000000000000000000000000000000000000000000000000
00000000000000000000000000000000000000000000000000
00000000000000000000000000000000000000000000000000
00000000000000000000000000000000000000000000000000
00000000000000000000000000000000000000000000000000
00000000000000000000000000000000000000000000000000
00000000000000000000000000000000000000000000000000
